0,768
15,5
0,674
0,673
0,672
17,8
0,671
17,7
17,6
0,670
17,2
0,669
17,1
0,668
17,5
0,667
18,7
0,666
0,665
18,6
18,2
18,1
0,664
0,663
18,5
0,662
13,45
0,661
13,25
0,660
13,129
0,659
13,49
0,658
13,8
0,657
13,63
0,656
0,655
13,58
13,22
0,654
13,21
0,653
13,46
0,652
13,7
0,651
13,55
0,650
13,62
0,649
0,648
13,39
0,647
13,131
0,646
13,9
0,645
0,644
13,6
0,643
13,17
0,642
13,74
0,641
13,27
0,640
13,20
0,639
13,76
0,638
13,1
13,70
0,637
13,2
0,636
0,635
13,5
0,634
16,8
0,633
16,6
16,1
16,7
16,2
0,632
0,631
16,5
0,630
8,7
0,629
8,6
8,2
8,1
0,628
8,5
0,627
0,626
5,6
5,2
0,625
5,1
0,624
5,5
0,623
0,622
0,340
0,621
0,620
6,6
6,2
0,619
6,1
0,618
6,5
0,617
0,308
0,616
0,305
0,615
0,614
0,613
0,612
0,611
0,610
0,609
0,608
0,607
0,606
0,605
0,604
0,603
0,602
0,601
2,2
0,600
2,1
0,599
2,5
0,311
0,310
0,0
0,307
0,306
0,13
0,339
0,11
0,9
73,34
73,33
73,32
73,31
73,30
73,29
73,28
73,27
73,26
73,25
73,24
73,23
73,22
73,21
73,20
73,19
73,18
73,17
73,16
73,15
73,14
73,13
73,12
73,11
73,10
73,9
73,8
73,7
73,6
73,5
73,4
73,3
73,2
73,0
0,484
0,469
0,303
0,483
0,468
0,302
0,467
0,301
0,466
0,300
0,482
0,465
0,299
0,481
0,464
0,298
0,480
0,463
0,297
0,462
0,296
0,461
0,295
0,479
0,460
0,294
0,478
0,459
0,293
0,477
0,458
0,292
0,457
0,291
0,456
0,290
0,453
0,455
0,289
0,493
0,288
0,452
0,287
0,476
0,451
0,286
0,454
0,450
0,285
0,449
0,284
0,447
0,283
0,448
0,446
0,282
0,475
0,445
0,281
0,443
0,280
0,444
0,442
0,279
0,440
0,278
